2 8 9296 11176 9096 6151 9174 14 6115 3171
2 8 9097 11186 104 4640 11443 11127 11426 3152
2 10 3022 6038 9132 107 9132 115 9066 168 3162 9154
2 8 6050 11163 6127 9193 156 3148 49 11147
2 7 11105 6009 204 9183 165 11056 6186
2 8 11105 9129 11172 9094 169 3117 11126 3122
2 8 9392 9383 6300 3150 11136 200 11207 9161
2 7 223 3210 3278 236 398 3390 3335
2 5 9340 265 530 6229 6360
2 10 9271 298 403 6308 9349 273 7237 6246 7403 12244
2 4 1754 278 11307 7228
2 6 3460 17 3381 279 3324 389
2 6 9332 11270 351 11299 11378 9392
3 6 11542 9429 494 445 3485 9570
3 6 9508 11428 584 506 11467 9457
2 4 3152 567 83 3174
2 5 3569 569 11556 9429 11542
2 7 11658 9697 768 781 6482 11733 528
2 6 9817 889 845 874 6867 3874
2 5 9833 6895 3879 849 11905
1 8 3981 3904 9899 861 9841 11850 6947 3932
2 5 7183 1178 875 3871 6896
2 9 4140 9843 6969 881 11801 6937 6988 10499 12348
2 9 987 892 836 3970 6981 11835 912 9790 4052
2 13 4140 9843 11822 900 3830 9905 3814 6898 934 3934 9788 6951 987
2 5 921 3964 919 3935 11894
2 7 987 9781 11764 964 6918 6851 1150
1 6 4052 10065 11915 1003 12040 7125
2 5 1145 9964 1013 11923 7132
2 13 11954 4120 1127 1198 4057 12088 10117 10046 4047 1041 1118 9980 7209
2 8 4172 7217 10128 12007 1117 11930 4067 7169
2 10 4075 4119 1157 7093 10004 1018 4023 7135 4160 1070
1 10 10253 12294 1371 1220 4303 4227 7354 7600 7657 10353
2 9 10756 10296 4365 4321 7340 1228 7428 7465 1622
1 7 4388 1308 1281 12201 1394 1337 4371
1 7 10262 4523 1517 4563 10406 7563 10359
1 7 7564 7535 4530 7592 1570 7649 4658
1 10 12364 10402 12394 12409 1639 1596 12998 10935 11021 8215
1 9 1492 12404 12449 1650 10344 10283 10154 1330 10267
1 7 10292 10161 10653 1668 10680 10550 7795
2 5 7315 12214 10327 1690 12124
1 5 4860 1736 10602 7845 9616
1 4 3010 6754 1763 7858
2 8 10701 1878 1805 4881 10598 1772 1807 7754
2 8 12357 9657 926 7829 4029 1849 9678 10599
1 8 10928 12991 5065 12840 1964 1905 8094 10833
2 3 1976 2006 1933
2 6 11109 117 3072 11068 149 3151
2 11 6050 11163 35 9185 6084 11044 3141 11114 9138 179 6160
2 7 567 83 3174 11291 9317 9240 9340
3 7 331 3293 3203 11453 9568 3543 525
3 9 3335 6252 11284 6365 246 382 3308 11347 6262
3 12 3335 6252 11284 11235 11369 274 3327 9302 3358 344 9256 6245
4 9 3738 11703 11546 3403 3452 458 11438 3494 525
2 6 3668 6689 666 3667 4534 1599
2 3 3668 3682 3672
2 5 11800 6705 3687 6707 11654
2 12 885 903 9872 3920 3918 920 3725 11843 729 11692 6955 758
1 6 12663 12603 3769 10552 10593 4860
1 3 3932 3913 4642
2 8 940 11860 6877 909 3951 11831 856 11867
1 5 10444 7532 3962 9859 6994
2 5 3924 3974 984 6611 3601
2 6 7109 7000 4093 12078 1203 4469
2 5 7045 12054 4168 6943 788
1 6 7376 4639 1324 4302 12460 1592
2 6 10278 7436 4420 10808 4315 12275
1 5 4425 8063 1197 4318 12789
1 7 12264 10438 10425 12360 4511 7516 1464
1 8 10682 4836 12377 7533 4453 4658 7649 1570
1 7 12536 4789 12631 10580 10649 4690 10646
1 8 1709 4700 12580 10529 12542 12672 1784 12517
1 6 10584 4867 12594 11410 1794 4803
1 4 12984 5121 12954 5169
1 8 4329 4289 12135 1242 1222 5135 12193 7365
1 7 12306 12982 11005 10953 12952 5173 5201
2 5 9100 9206 6186 11056 165
2 4 3320 327 6296 6360
2 7 520 11474 3529 6527 9474 6503 6490
1 9 3981 3852 6922 959 6822 898 6944 11879 957
2 12 1866 6827 12550 1734 6767 7899 4775 10718 1782 4869 7366 9467
1 7 6914 3858 6993 11870 9933 813 6878
2 9 11954 4120 7063 12079 1186 13078 7206 4060 7079
2 6 1041 1118 9980 7209 4194 1149
2 5 1821 12567 7228 11307 278
2 9 13143 7097 10517 7101 7279 10006 10822 10304 4141
1 8 12232 4401 1396 1423 7303 1423 12288 7376
2 14 3775 3763 11695 722 9711 9724 11669 3766 11731 7420 9747 6782 6769 6710
1 7 12485 4506 1645 7526 10433 12412 10503
1 7 7338 12173 10411 7572 7353 7492 1488
2 12 12189 4805 12261 4246 7616 4829 7754 1807 1772 10598 4881 1805
2 10 12149 7291 9601 7435 10700 1764 7875 12205 12276 3778
1 9 10791 4932 8108 2048 7960 5049 2018 2059 2103
1 4 12863 7982 2039 13082
2 4 2089 8085 1955 12702
1 6 4682 5016 8112 5042 10802 1961
1 14 1652 4630 1540 1511 12323 4645 10971 5125 8152 2201 10958 10937 12311 1454
1 7 10682 10455 5134 2114 8249 12918 12910
2 7 8007 9084 10066 10772 2002 12868 2086
2 4 9100 9105 9150 3151
2 9 3171 6115 11078 9157 11028 9227 11206 9139 3022
2 9 6050 11163 35 9185 9209 6311 6397 13265 9406
2 10 3022 6118 3096 9216 11100 9127 3180 3188 3114 122
3 13 11523 3578 6450 11308 11335 11393 9258 9286 6391 11324 297 11277 3303
4 9 301 3290 11330 11268 9330 3356 9273 9394 9367
3 7 6233 6344 9288 546 3568 489 525
3 6 11542 9569 9541 543 6723 704
1 5 4482 7924 9605 1573 7639
1 8 6878 6901 9840 11821 915 9884 11697 743
1 7 943 6917 3946 9853 9824 854 9764
2 6 10102 4071 1154 9971 1029 4082
2 8 940 11860 3876 11907 10041 3927 928 11848
2 8 7079 9989 11967 10061 11910 1071 4145 4076
1 6 7376 7319 10177 10134 4251 12264
1 5 1373 12212 10225 12343 10382
2 4 1976 10257 4167 2091
2 7 9450 12368 6737 10339 10393 7539 7458
1 10 4580 10768 10385 7602 12359 10359 7563 10406 4563 1517
2 6 4469 12300 10367 4074 7659 3427
2 6 4140 1137 10480 1027 1203 4469
2 8 12357 9657 926 1760 10526 3699 1719 1866
1 8 4797 1762 4837 10528 7835 10658 4705 1672
1 5 10292 10161 10653 10584 4867
2 8 4925 12141 10841 1918 10903 10817 1882 4964
2 10 11109 71 6035 6095 70 11059 11153 6057 3084 6106
2 6 9151 11040 11147 49 3148 156
2 4 3171 11151 171 6310
2 11 223 306 3247 3313 354 11234 207 9254 11392 6324 11202
3 13 301 3290 11330 11268 11379 11248 11314 3275 3339 6362 9360 6299 3303
3 11 11523 3578 6450 11308 11335 11393 11269 3317 286 3276 6302
2 5 9303 9255 11371 11257 385
3 12 6554 6530 11461 486 472 3399 11405 11422 9419 11561 574 11683
4 9 525 3543 550 11514 6593 9493 9554 6579 560
2 5 9417 11559 765 3752 3734
2 8 9716 6747 11672 3728 9685 6731 9672 6714
4 9 3738 11703 11546 11683 574 11561 9419 11422 11405
2 9 921 3807 3862 804 11747 11784 9806 6871 11811
2 8 6845 6869 11785 9804 847 3850 880 11800
2 6 4512 11739 876 11797 9954 11853
2 10 11969 10091 7162 11921 10026 7005 11957 12039 1189 1149
1 6 10492 7612 10437 11975 1547 10029
1 6 7121 4056 12060 1054 12085 10110
1 10 10267 1330 10154 10283 12284 3651 1014 12090 1142 9991
1 10 10309 4379 1302 7280 12297 4397 10016 11936 1185 4075
2 3 9450 12312 12357
1 9 12264 10438 12388 12373 1357 12345 7531 4496 1990
1 6 1709 7800 4780 12521 4209 1387
1 4 12419 12692 12547 4696
1 6 1323 12571 10548 1799 13202 13203
1 12 12536 4789 4793 7886 10712 10639 12691 12621 1876 7841 4750 1803
3 3 72 9130 183
3 8 72 6075 6034 11103 3160 60 9082 6106
2 8 91 11050 3058 11130 11115 3055 124 11164
2 16 91 11050 3058 3082 6107 9191 11169 9128 11104 9064 6092 9116 9140 6117 11183 3134
3 9 121 11166 9188 6143 11213 11189 6097 3157 72
3 8 121 11205 231 11039 9144 9046 3323 6245
3 3 121 3220 3190
1 2 177 13009
1 6 177 7123 9377 4450 13084 4155
2 5 180 87 7330 108 99
2 5 180 6105 9099 154 6177
2 6 187 2999 226 9265 11349 6303
2 7 223 306 3362 6273 6400 287 6303
1 8 272 6124 6171 9114 9155 11179 6 99
4 5 301 9348 6290 6396 6262
4 5 301 9278 6356 252 121
3 7 301 9278 6356 3240 346 3116 3190
2 8 372 6338 11387 9381 11286 11354 3264 272
2 6 372 9514 292 6404 339 9271
2 5 384 356 3318 6477 413
2 4 385 11303 3359 11293
2 2 389 9263
2 9 389 334 11260 9252 9387 6236 3473 9496 11505
2 4 389 3380 6402 6332
3 3 402 9544 3392
3 9 402 11274 11329 11357 400 3254 11312 6407 6360
2 10 413 9448 6553 3504 437 3431 6566 9516 3489 6490
3 3 476 3457 6509
3 5 476 9423 6600 11705 11686
1 2 503 3495
1 3 503 11465 11616
2 7 520 3487 3475 481 3413 6794 6765
4 5 525 504 11490 9481 476
4 8 525 11557 582 9437 11425 463 11462 3520
2 7 528 10151 4347 10305 12134 4736 4607
2 5 541 11679 6561 9537 6573
3 6 560 6280 11341 3759 11216 11370
2 4 564 3355 3395 6377
2 3 564 6513 11402
2 7 564 11431 6535 11346 9363 11456 6496
2 6 564 11431 6535 495 6469 6570
3 3 572 513 3412
3 3 572 6557 6509
3 4 573 514 11481 3535
3 4 573 469 6440 11542
2 5 573 9535 6595 552 9570
2 3 573 514 478
2 3 589 6488 3397
2 4 589 11560 11547 11531
2 5 589 6594 9557 11529 6540
2 3 589 6568 3530
2 5 589 6488 9486 529 6570
1 4 590 9593 6618 620
1 6 590 11576 9607 9609 9625 648
1 3 590 9748 3770
1 5 590 769 6770 11711 9898
2 3 599 6626 11735
2 2 599 3631
2 3 603 3604 11584
1 2 603 9598
1 2 620 3598
1 3 620 9751 6792
1 7 620 3626 651 9629 11631 6533 9507
1 4 620 6618 6773 752
1 4 648 11794 11593 3770
1 3 648 11794 6613
2 2 653 3673
2 6 653 9648 9646 6672 3670 6685
2 11 663 11623 661 658 9600 3641 6635 776 3782 6780 770
2 7 663 11623 661 658 9600 607 3780
2 5 663 11623 6680 6678 9633
2 5 663 11604 9618 11590 6666
2 3 663 11604 9620
2 4 684 6700 9621 3617
2 5 684 11646 679 646 9606
2 3 687 9635 657
1 3 689 11656 6710
1 2 689 870
1 4 698 3666 3646 6666
1 5 698 6698 9642 3652 11628
1 2 698 678
1 4 698 3666 9622 9620
2 6 704 11651 9665 3703 9681 9515
2 10 704 11651 9665 3703 6708 688 3675 11634 11618 9633
2 4 730 3713 6751 6573
2 5 730 11644 9656 6682 9640
1 3 743 6756 740
2 5 747 10063 7068 9979 7153
2 5 747 1176 4095 950 6896
1 6 758 3761 6764 9719 13218 11707
2 3 770 3772 6788
2 5 770 6780 3782 776 3780
2 5 770 11891 9909 3928 911
2 9 770 6780 3782 776 6635 636 9618 11590 6666
2 5 770 6780 9738 764 3768
1 5 770 6780 9745 778 9603
2 2 772 3653
2 2 792 1108
2 2 792 4111
2 4 792 11919 1065 7107
2 7 818 11588 6652 11657 630 6634 11583
2 6 818 11588 6652 11657 3649 9606
2 2 819 955
2 3 819 9826 3923
1 3 859 3878 6882
1 3 859 3878 9847
2 2 863 3973
2 5 863 11786 9916 9805 10203
2 5 864 6935 4583 12320 12450
2 3 864 7604 4755
1 4 868 7999 10573 6897
1 5 868 7684 1756 4668 4865
1 3 868 10588 1827
1 3 868 12627 10642
1 6 868 1658 6887 10535 12561 10640
2 4 878 9862 9888 9902
2 8 878 893 11813 9818 6857 6886 907 3882
2 7 878 893 11813 9818 6857 3526 11818
2 2 878 11905
2 6 885 903 6936 9827 9846 3874
2 4 885 11854 13220 11688
1 4 885 11852 3902 932
2 5 885 9870 3859 11766 6878
1 8 901 2013 12316 1631 10815 4974 2057 5027
2 3 921 3807 11844
2 4 921 6888 3921 886
1 2 925 967
1 4 929 6775 11720 6792
1 4 929 11702 3948 752
1 4 932 3735 13233 740
2 7 940 11792 869 9763 10056 11810 11746
1 7 943 3915 12169 11699 3740 9710 743
1 4 943 6766 11702 929
1 4 943 6917 6960 9898
1 4 943 9723 3751 752
2 8 949 965 793 3796 9610 9612 649 9783
2 5 980 970 11805 3861 799
2 3 980 3866 3790
1 10 987 11771 846 9831 11836 3877 12478 10429 10363 12348
2 5 987 11771 11808 916 4642
2 5 1019 11927 10047 7012 10029
2 3 1025 7110 1158
2 5 1025 4027 10092 7046 7197
2 4 1025 11985 7050 1092
2 5 1034 7208 5007 7301 1976
2 4 1067 11960 7072 12031
2 2 1067 4172
2 3 1068 4143 10126
2 6 1068 7188 7030 10028 1151 12071
2 8 1068 10031 7144 11974 12044 10097 1206 12771
2 7 1070 4160 7135 4023 1018 11926 7137
2 5 1083 4203 4158 10434 7540
2 5 1083 7035 1153 4185 7054
2 4 1083 7035 9959 4619
2 3 1092 11946 4197
2 2 1093 10024
2 6 1093 9903 832 942 9757 6914
2 7 1120 9970 12014 9997 7128 7168 10404
2 5 1120 12095 1047 7108 10062
2 3 1120 9970 11918
2 3 1121 1076 4082
2 4 1145 11939 7166 4046
2 3 1156 4159 9990
1 5 1170 12363 10920 1082 4588
1 4 1179 7917 12774 13082
2 2 1182 9998
2 6 1182 993 7016 4118 1024 7169
1 8 1208 12905 4216 7443 7424 5176 7355 12225
1 7 1208 12905 4216 12283 4396 10285 7387
2 2 1316 10282
2 4 1316 4279 12129 1208
1 4 1323 10273 1393 1408
1 4 1323 1737 4343 7677
1 4 1323 10644 1411 7858
2 6 1349 7119 4072 7177 7430 10030
1 6 1349 7013 4187 7150 11952 9975
2 4 1352 7834 10717 12361
2 4 1352 4757 10676 12586
2 6 1367 12767 7256 531 7911 1933
2 2 1367 4925
2 3 1367 2045 5193
1 3 1373 4364 12268
1 3 1373 1533 10382
1 3 1373 12415 7440
2 4 1386 4434 7642 10135
1 8 1387 4824 4754 1880 7733 12700 7796 7768
1 6 1387 4209 1294 1694 7741 1418
2 4 1413 4390 4608 10479
1 7 1424 4285 4342 1619 1338 12459 7462
1 3 1427 7367 7338
1 4 1427 7408 12224 12264
2 2 1445 6696
2 2 1445 4601
2 2 1445 4527
1 5 1445 4452 7547 6971 7588
2 2 1453 7552
1 3 1488 10371 1990
1 6 1488 1253 4293 12127 1330 10267
1 5 1488 7492 7312 4408 12125
1 3 1492 7562 1170
1 5 1492 10386 12492 12464 4588
1 2 1494 1468
1 6 1521 7573 7602 10385 10768 4580
1 2 1521 12333
2 2 1595 4527
1 9 1595 7551 9653 6713 11641 695 691 11656 6710
2 4 1599 6671 3658 772
2 3 1599 11708 12450
1 4 1607 7603 2061 1170
2 2 1618 5103
2 4 1618 6803 12778 12458
2 4 1618 2043 1534 10370
1 5 1622 12490 4557 4883 10030
1 5 1622 12490 1579 9946 10428
1 6 1622 12490 12420 10401 1510 7497
1 2 1672 7786
1 5 1675 12370 4923 1766 2015
2 2 1678 7458
1 6 1709 10696 12679 1733 1860 7825
1 4 1709 10568 12619 1418
1 4 1725 12614 12544 10695
1 4 1725 12541 4786 4783
1 3 1725 1728 10623
1 4 1725 12541 10689 12669
2 6 1754 7375 4372 390 1365 12244
2 2 1754 12527
1 7 1803 4808 1735 7828 7726 12608 10557
1 6 1803 7876 12523 4782 10544 12655
1 8 1814 4804 12617 7783 1713 7887 1565 4543
1 4 1814 12632 8204 2197
1 4 1821 307 12102 1387
1 5 1821 10133 12287 1233 9292
1 6 1827 12642 1809 1738 2102 10642
1 3 1827 7780 4723
1 2 1866 6752
1 6 1888 7990 12739 12895 2070 13082
1 6 1888 10890 10759 11249 10913 12863
1 3 1891 1932 2025
1 3 1891 12817 12731
1 2 1891 2056
1 3 1891 12817 12874
1 4 1891 1932 12900 2050
1 2 1896 4755
1 9 1896 12793 2071 10523 8125 1982 5067 8074 1963
1 5 1896 12793 4553 7969 10837
1 6 1896 12793 4901 4609 4637 4580
1 6 1896 12793 2071 9816 12773 5050
1 3 1900 12753 8236
1 3 1900 12753 10886
1 2 1908 4984
1 4 1909 5039 5070 10762
1 4 1909 8008 5045 12794
1 3 1909 5039 7959
1 4 1909 12858 12747 12891
1 2 1909 2094
1 3 1909 12802 2012
1 2 1919 10671
1 6 1919 12430 12581 2058 12370 1675
2 2 1944 8056
2 5 1944 12772 2052 7993 10747
2 6 1944 12772 1997 5000 4942 8113
1 3 1950 12847 6027
1 3 1950 10951 988
1 2 1959 8055
1 3 1961 8029 1991
1 4 1963 4983 12818 10837
1 4 1963 8031 4966 8117
1 4 1963 10873 8009 1888
1 4 1963 10828 12780 12863
1 5 1963 2026 12756 2065 5050
1 5 1963 2026 12756 1922 7953
1 6 1965 12755 4887 8032 2051 12746
2 7 1976 7301 5007 7208 1458 7659 3427
2 3 1983 4386 4987
1 4 1983 8082 7374 10825
1 3 1984 13241 5097
1 4 1984 12862 10743 12806
1 4 1984 13237 13250 12766
1 2 1990 4568
1 4 1990 4175 7603 1607
1 2 2008 10172
1 3 2008 4956 5021
1 4 2008 2011 7913 1965
1 3 2008 5052 12746
1 4 2012 8015 12710 4948
1 2 2014 5033
1 4 2014 4435 12892 4987
1 4 2014 4900 8121 1991
1 4 2016 4961 12826 2046
1 3 2016 10827 8052
2 3 2022 556 1933
2 2 2022 12797
2 5 2022 12732 12327 5100 2028
2 6 2022 6638 1985 8081 10854 1959
1 6 2022 1630 7511 8127 10724 8055
2 4 2023 12703 1937 8056
2 2 2023 10747
2 3 2023 12872 7936
2 4 2023 4969 10482 7630
1 5 2024 1731 10858 10766 1950
1 5 2024 7716 4128 12775 8193
1 4 2024 8016 7219 988
1 3 2025 12900 2050
2 3 2028 7971 12596
2 3 2028 2099 10750
1 3 2028 8102 4783
1 5 2028 10770 5031 12750 8055
2 5 2029 4976 12768 5081 10791
2 3 2029 13079 2103
2 4 2041 1910 8022 12717
2 4 2041 8005 12884 1961
1 4 2041 10821 1970 2015
1 3 2046 7989 12725
1 4 2050 12900 1992 10831
1 3 2050 12900 8034
1 4 2056 12707 7950 10836
1 3 2056 1975 5101
1 3 2075 1988 13087
1 3 2075 10728 12865
1 3 2077 4991 1900
1 3 2077 13085 12823
1 3 2077 13085 10886
1 3 2077 13085 8017
2 2 2086 4915
2 3 2086 2054 1908
2 6 2086 10794 9951 10021 7374 10825
2 5 2089 12726 78 10774 5050
2 2 2089 7953
2 6 2091 5048 10144 7948 10757 12086
2 5 2105 10816 1949 5096 4410
2 6 2105 10816 2092 7905 2054 1908
2 5 2105 12080 8076 7165 9975
1 5 2123 2202 12944 8182 8205
1 3 2152 11023 12951
2 3 2152 2194 11007
1 5 2152 12901 4587 2109 8181
1 3 2152 2173 2106
1 2 2152 2209
1 2 2174 8231
1 2 2174 12930
1 5 2174 10987 12979 2160 10924
1 2 2174 5229
1 3 2174 5131 8217
1 4 2197 5195 2203 2211
1 4 2226 2212 2162 12997
1 3 2226 8160 5166
1 4 2226 2198 8185 8254
1 3 2226 2212 12983
1 4 2226 2212 12969 8199
1 2 2226 10970
1 2 2226 5216
1 5 2227 10989 7561 8179 5107
1 3 3010 7766 2407
2 6 3033 11092 155 11175 6021 94
2 7 3092 11038 6159 11212 155 11092 3033
2 5 3092 11038 9055 9045 94
2 7 3121 9162 3008 86 3189 9195 94
2 3 3122 11065 3172
1 2 3123 4897
2 4 3171 6115 11078 6160
2 6 3172 9156 11132 132 9106 9233
2 7 3172 66 195 11121 158 11081 11164
2 3 3187 3030 9061
2 7 3187 6052 9176 9078 2994 9118 3033
2 13 3190 97 6077 3135 9200 11075 73 3066 3103 6191 9370 6124 272
2 4 3211 9498 3262 6496
2 4 3260 3325 13259 6364
2 5 3260 3325 11251 317 6389
2 2 3303 11375
2 3 3314 391 3211
3 8 3335 3390 398 371 11383 9396 9371 6233
2 5 3335 6411 9384 9355 11368
2 3 3338 3075 180
2 5 3338 312 11171 3065 183
2 5 3338 312 3168 9248 3092
2 4 3379 3329 276 385
3 4 3392 11528 6415 560
3 4 3392 11247 347 13206
2 3 3397 6549 564
2 5 3397 11445 9524 6513 11402
1 3 3402 9561 11506
1 3 3402 6504 11483
1 5 3402 454 11420 9500 11548
3 3 3412 6546 3392
1 3 3427 4960 1959
1 9 3427 10451 7631 10424 7048 4612 11752 1608 12348
2 2 3456 1179
3 3 3460 3510 9570
2 7 3460 6558 3532 444 3473 9496 11505
1 3 3495 3509 3534
2 3 3513 4328 528
2 3 3513 12211 10183
2 5 3513 12183 7865 12553 9616
4 5 3520 501 11397 418 6554
4 8 3520 522 6565 9566 238 343 3364 3335
3 4 3520 11526 3580 457
2 3 3530 9517 11499
2 5 3530 6542 6712 11640 663
2 5 3530 6542 6712 11640 678
2 7 3535 9441 9497 482 13116 11445 3397
2 7 3535 9441 11404 9416 11544 11529 6540
2 6 3535 9441 9497 6524 3561 11402
2 4 3535 6582 6487 9456
3 3 3544 524 402
3 3 3544 9400 3482
2 7 3544 6567 9290 6347 3351 3380 389
2 6 3544 6567 9290 6375 11245 6332
3 3 3559 3458 6416
3 3 3559 3521 402
3 5 3559 6484 9452 11441 3412
3 4 3559 6484 11466 3392
2 4 3569 11511 9539 9692
1 3 3598 11582 6657
1 2 3598 6792
1 8 3598 625 11869 651 9629 11631 6533 9507
2 3 3601 13252 11735
2 4 3617 6643 646 9606
2 7 3631 9596 596 665 6672 3670 6685
2 7 3663 11619 690 9668 9670 9672 6714
2 4 3663 660 3676 11639
2 6 3668 4463 7624 4458 7495 7661
2 6 3673 11612 6673 9613 628 11584
2 5 3673 11612 6673 11595 599
2 3 3673 11612 3631
2 6 3673 3674 668 671 11618 9633
2 8 3734 6768 9709 9726 11696 11678 731 6718
2 3 3734 3760 11668
2 7 3734 3752 3765 3587 6417 3464 6490
4 2 3738 11670
3 5 3743 9548 6761 744 9716
2 4 3743 9704 11676 6714
1 3 3770 11593 6613
2 4 3775 3763 749 11654
2 7 3778 6630 3605 11567 9580 6797 3775
2 7 3778 3635 3661 9634 6676 6510 9467
2 3 3778 4270 4345
2 4 3780 773 3776 603
2 2 3780 6790
1 5 3780 969 11568 6631 9598
2 3 3823 11738 788
2 9 3823 11841 10412 10439 7558 9779 12637 9727 1445
2 8 3823 11841 10412 10439 7558 9779 913 7791
1 4 3823 10343 7646 7588
1 5 3823 873 951 6929 6984
1 3 3823 873 3957
1 3 3834 7747 6897
1 3 3834 8012 10765
1 5 3834 7920 5071 13214 7935
1 4 3834 10783 13215 1892
1 2 3838 11804
2 3 3844 10163 11818
2 4 3846 6933 3866 3790
1 2 3846 11851
2 5 3874 794 3845 11820 3986
2 7 3874 13232 918 3918 726 3729 11707
2 7 3874 794 11756 9917 6866 9925 931
2 4 3882 907 935 949
2 5 3882 907 6886 3526 11818
2 4 3890 7620 11759 4512
2 3 3890 3921 886
1 3 3923 6831 9838
2 5 3924 11816 6889 9821 9809
1 5 3932 7663 11864 7591 10503
2 4 3956 797 11741 11899
2 4 3956 982 11858 9809
2 5 3960 9829 5001 7485 12458
2 4 3973 3864 976 1205
2 2 3973 3844
1 4 3986 6948 3930 931
2 4 3988 1109 976 1205
2 3 3988 7096 4178
2 4 3988 4109 7127 3401
2 2 4003 3456
2 5 4003 4110 1980 10847 4984
2 4 4003 1147 4064 9975
2 6 4003 4110 7084 10735 8098 8013
2 4 4009 9934 7167 4619
2 7 4009 10474 7019 12408 5092 7301 1976
2 2 4046 7065
1 7 4052 9790 912 9918 9795 11828 6963
2 4 4070 9944 11947 1055
1 3 4075 12048 1073
1 6 4075 10129 9961 4339 12332 1464
2 6 4082 7142 10095 1089 10076 12052
2 3 4104 1538 10428
2 3 4104 1059 1444
2 4 4111 1074 1065 7107
2 6 4111 7184 12442 7513 2013 901
1 7 4111 7184 4440 8101 10901 7970 5027
2 3 4111 1074 7170
1 4 4134 4628 4085 1884
2 3 4140 11761 10068
2 5 4141 6999 7240 8026 1367
2 6 4141 6999 7240 8026 12274 2091
2 5 4141 9939 1474 7577 7521
1 6 4147 10033 7163 12335 10486 4588
1 2 4150 7132
1 3 4150 3991 989
2 4 4172 10125 12097 7087
1 3 4178 11965 1173
1 4 4189 1047 7108 10062
2 4 4206 4088 4161 11979
1 2 4273 7654
2 2 4291 1273
2 4 4291 7250 10799 10756
2 7 4291 12105 4278 7395 1412 8100 8011
2 4 4291 7250 10799 10259
1 3 4333 4232 10239
1 4 4363 1248 7229 10309
1 4 4363 1577 10453 1592
1 5 4371 7236 12131 1279 7329
1 9 4371 10156 12144 1291 7342 12215 1376 10297 4412
1 5 4373 1224 4269 1293 12188
1 7 4388 4275 12292 1385 1315 7295 12125
1 7 4404 9733 7249 4841 7868 1742 855
2 4 4410 10332 12480 7497
1 3 4425 1082 4588
2 4 4469 4174 1531 1034
1 4 4482 7924 1649 12465
2 4 4512 11739 10399 11853
2 5 4512 12416 1578 10882 901
2 7 4512 12387 7530 12476 1463 7604 4755
2 2 4516 4544
2 4 4516 1569 2005 7938
2 4 4516 1569 10332 4410
2 4 4516 4571 10471 7497
2 4 4516 1541 4459 4987
1 6 4521 4816 7879 850 12765 6897
1 5 4521 4816 10591 10651 4865
1 4 4527 9796 9810 870
1 2 4533 10405
1 2 4533 8181
2 3 4544 12452 1444
1 3 4565 1615 7668
1 5 4568 7909 7400 2061 1170
2 4 4570 12909 12903 10419
2 2 4570 10999
2 2 4601 4527
1 2 4607 4521
1 5 4607 4736 1862 12607 9616
2 4 4616 9993 7634 10514
2 6 4616 7662 7565 1656 5310 4987
1 4 4652 1648 10509 7658
1 4 4682 5016 7790 2015
1 8 4682 8086 10885 1943 5011 10755 2093 1991
1 2 4696 1833
1 2 4723 10640
1 4 4723 4794 4820 1747
2 3 4726 4798 10701
1 3 4726 7817 10589
1 5 4739 9669 6726 515 3010
1 8 4739 736 12682 3800 4695 7901 13075 2407
1 6 4741 1851 7760 1767 7877 12566
1 6 4741 1851 7760 4610 4794 4723
1 5 4741 1851 7760 10587 1747
1 4 4749 4760 7780 1827
1 2 4749 4723
1 4 4783 10899 7803 8055
1 5 4797 12540 4815 7769 1803
1 4 4797 1762 7717 12605
1 8 4797 12540 10661 1810 7703 12625 7731 10646
1 4 4797 1762 7676 10623
1 5 4801 7752 7749 10575 10647
1 2 4801 12605
1 6 4801 12686 10632 12539 12880 8055
1 4 4801 12686 4729 12669
1 9 4803 1779 10531 10713 7693 12590 12737 10691 10674
1 10 4803 1779 10531 12427 1818 10610 12662 10680 10550 7795
1 6 4803 12528 7822 1702 7819 7804
1 5 4803 1779 10531 10713 4751
1 5 4803 1794 10546 1797 7708
1 2 4860 4741
1 7 4860 11712 1857 7718 10684 515 3010
1 2 4865 10582
1 2 4872 12688
1 4 4872 4790 1870 1752
1 5 4872 4426 9615 6728 7185
1 3 4893 2000 5029
1 9 4893 8053 2017 1948 2101 5075 12761 5043 1179
1 6 4893 12871 2062 12895 2070 13082
1 4 4893 4958 7560 4482
1 3 4897 3181 7919
1 5 4908 4977 1945 8057 10895
1 3 4908 4977 7935
2 5 4915 5086 12137 5055 7938
2 5 4915 10807 2036 5096 4410
2 5 4925 1395 12819 2067 10726
2 4 4925 10132 2045 5193
2 6 4925 1395 12705 11972 10763 10616
1 6 4964 12899 8037 10755 2093 1991
1 2 4968 5027
1 5 4968 10923 10850 1955 12702
1 5 4980 2035 8172 8175 2142
1 3 4982 5214 5083
1 4 4984 12886 1103 9975
1 3 4987 4386 10825
1 4 4987 12892 12807 1991
1 4 4989 12834 2100 2012
1 3 4989 7972 4948
1 2 4997 8109
1 3 5010 8036 10775
1 4 5010 13239 7980 8124
1 3 5021 8079 10732
1 3 5021 7913 1965
2 3 5026 2079 7936
2 4 5026 2007 8075 12798
1 3 5026 10792 5083
1 4 5026 2007 12869 8149
1 6 5026 10792 12729 12825 8213 10970
1 7 5027 7970 12455 4603 4562 4591 4017
1 3 5028 4938 2025
1 2 5028 4997
1 2 5028 8109
1 6 5028 4938 8021 1992 12900 2050
1 6 5028 4938 8021 4889 7978 10831
1 2 5029 1521
1 2 5029 1888
1 4 5029 2000 7560 4482
1 3 5033 5080 4964
1 3 5034 7992 10875
2 5 5036 2080 5054 11012 12830
2 5 5036 2080 3109 2192 8193
1 5 5036 2080 9137 11194 7963
1 3 5036 8244 5139
1 2 5046 7203
1 2 5046 8111
1 3 5050 10774 7953
2 3 5074 12821 2029
2 5 5074 1973 10840 1920 8073
1 3 5083 12919 8254
1 4 5083 5214 5008 4980
1 3 5097 13239 5010
1 4 5097 13242 12856 7912
1 3 5097 5041 8124
2 4 5103 8025 2082 3960
2 4 5103 7904 4740 7892
2 8 5103 10798 7762 12624 1738 1809 12642 1827
2 6 5103 10798 7762 12624 2102 10642
2 4 5117 12925 8219 8248
2 4 5117 12945 10025 12981
1 6 5117 12945 12896 4128 7716 2024
2 2 5117 8193
1 3 5117 12925 10968
2 2 5164 2123
1 4 5166 8191 10960 8254
1 3 5166 8160 5216
1 6 5166 2182 2210 13086 5131 8217
1 4 5168 10939 10998 8143
1 2 5168 2227
1 6 5193 4403 11448 7270 10490 10750
1 5 5196 10860 5160 12929 12989
1 2 5196 6020
1 6 5196 10860 5160 11145 8019 7912
1 5 5199 7872 1580 12963 8214
1 2 5220 12853
1 5 5229 10944 10965 10986 2106
2 4 5230 8225 10940 5166
2 6 5230 8225 5188 12917 10960 8254
2 3 5230 8157 10938
2 3 5230 8157 12930
2 4 5230 8157 8240 10924
2 5 5230 8225 10996 10982 2142
1 3 5231 10697 12419
1 3 5231 12648 10400
1 5 5231 12648 12064 2171 10566
1 4 5231 12648 12064 1494
1 4 5231 12648 4556 1468
1 3 5231 4584 1833
2 3 5291 3546 13011
2 4 5291 11516 11642 698
2 4 5291 11516 521 678
1 5 6020 10761 12927 8133 13247
1 6 6020 10761 12927 2066 8019 7912
1 3 6027 2034 7996
1 6 6027 2034 7133 8223 12929 12989
2 6 6027 2034 12719 3165 11108 12830
2 3 6050 161 11082
2 3 6103 507 6489
2 3 6103 11221 296
2 4 6106 11159 9118 3033
2 10 6160 3136 133 10 9068 202 3191 113 6129 9154
2 6 6233 9289 342 6292 3350 331
2 2 6235 6364
3 5 6245 6022 3176 3101 187
2 5 6245 3215 9343 11349 6303
2 2 6258 408
3 4 6262 3292 261 384
2 3 6287 6393 3260
2 3 6287 6345 9362
2 5 6302 9299 11225 11377 9271
2 5 6310 383 3307 6412 9362
2 2 6314 3288
2 2 6318 6384
2 4 6318 11345 9297 7239
2 3 6318 9379 9332
2 3 6332 11265 3288
2 2 6336 3314
2 5 6336 6286 9363 11456 6496
2 3 6354 11271 6233
2 3 6354 11220 11241
2 2 6354 223
2 4 6360 3337 9731 6314
2 5 6364 3277 11251 317 6389
2 6 6377 3395 3234 309 336 11360
2 3 6377 526 11402
2 4 6377 6263 6325 9347
2 9 6377 3395 3234 247 11233 11346 9363 11456 6496
2 7 6384 6335 6399 9285 219 9314 9392
2 6 6384 3205 9364 311 253 377
2 2 6389 11331
2 5 6390 6282 349 3340 9388
3 2 6416 3482
3 6 6416 11430 9427 13205 6464 9457
2 2 6446 11483
2 3 6489 6351 9484
2 4 6490 3464 11403 9417
2 10 6493 9446 9461 9488 3519 11476 6544 9516 3489 6490
2 3 6493 9430 9417
2 6 6496 11456 9363 3512 6469 6570
2 7 6509 462 3430 414 6600 11705 11686
2 8 6521 375 11219 9238 9264 6298 6325 9347
2 4 6521 375 11219 9294
4 4 6522 9494 9468 11479
4 4 6522 11507 9521 3559
4 5 6522 466 6604 6586 6573
2 6 6540 11529 9557 6581 6568 3530
2 2 6540 11499
2 3 6540 3705 11653
3 6 6554 6530 502 3466 6776 6420
3 6 6554 6530 502 3466 6474 6493
2 6 6554 3409 6517 9518 6603 457
2 9 6573 6586 11691 3548 746 713 3696 6697 9640
2 3 6583 9418 5291
2 3 6583 9575 11531
2 5 6583 11407 6537 11519 13068
2 6 6583 11407 6537 11562 6500 6496
2 5 6583 11407 9444 9472 13011
2 6 6583 11407 9444 13081 3447 3402
2 6 6583 11407 9444 13081 11606 11483
2 8 6592 9555 424 586 9416 11544 11529 6540
2 5 6592 7857 11497 3541 9515
1 3 6613 780 3768
1 6 6613 780 762 9728 11877 9898
1 5 6613 9590 6639 11573 9603
1 2 6657 11600
1 4 6657 9597 11565 9737
1 4 6666 6668 3650 648
2 4 6666 6639 9590 6613
1 2 6666 9603
2 3 6666 11590 9620
2 5 6685 11610 3627 6647 11577
2 6 6685 11610 9643 9608 619 3617
2 6 6696 10727 954 7626 12697 12497
2 4 6696 6974 12670 12501
2 7 6696 10727 4402 10586 4540 4449 4569
2 3 6703 682 6685
2 4 6703 9676 3716 541
1 2 6704 3686
1 5 6710 11656 691 11637 870
2 2 6711 6714
2 4 6714 3694 676 11639
2 8 6714 11676 9704 6571 3548 11691 6586 6573
2 5 6714 3709 3696 6697 9640
2 6 6718 731 9707 11694 9722 6765
2 5 6718 685 6674 654 772
2 4 6718 6733 9647 3672
2 3 6727 3701 687
1 3 6732 3906 905
1 5 6732 715 718 9675 4445
1 5 6732 3710 908 9850 9847
1 3 6732 3906 11830
1 2 6732 3712
1 6 6752 10618 12597 11667 1873 4872
1 4 6752 10618 3719 1752
2 8 6765 9739 3746 745 728 712 11632 3672
2 3 6788 3773 6790
2 4 6790 3976 6973 6946
1 4 6793 782 9924 967
1 9 6812 6836 872 897 3899 9882 9884 11697 743
1 5 6812 6836 13225 790 3954
1 2 6845 11782
1 3 6845 3824 6984
1 6 6850 801 9923 6823 6929 6984
1 2 6864 8435
2 6 6876 4518 9911 9855 9814 11757
2 3 6876 1432 4521
1 5 6897 7821 1740 10662 4865
1 3 6897 1972 3883
1 4 6914 3938 896 3986
1 5 6914 13224 13229 9778 6896
2 3 6932 1575 1034
2 4 6932 12713 7301 1976
2 2 6938 3967
2 6 6938 979 11883 11866 904 11811
2 3 6946 1616 6985
1 5 6963 11781 11850 6947 3932
1 4 6963 906 852 3981
1 3 6984 9758 9786
1 2 6984 3957
1 3 6985 6606 6793
2 4 7011 10073 7164 4076
2 3 7011 4055 1068
2 2 7011 4073
2 4 7045 12054 1132 1019
2 6 7045 12445 10096 10495 7643 7791
2 7 7045 12445 10096 10495 7643 9967 5090
2 3 7054 1066 4070
2 5 7054 1066 9944 11947 1055
1 2 7065 12051
2 6 7065 9976 12034 1141 4061 1046
2 2 7069 10070
2 4 7069 10023 10107 8046
2 5 7069 10023 4139 4108 7203
1 3 7081 1160 1046
2 4 7085 7025 9956 4181
2 4 7085 7025 12055 1121
2 2 7107 4206
2 2 7107 7170
2 4 7109 10022 11996 11944
1 6 7121 11912 12011 9936 10036 7125
1 5 7125 9981 848 6928 3981
2 4 7126 10079 9995 7085
1 3 7132 4116 989
1 3 7137 7650 4134
1 5 7137 7650 1597 7095 10404
1 4 7137 1469 12065 1073
2 4 7169 12056 3848 6994
2 4 7170 7151 10089 4017
2 2 7183 1048
2 3 7183 10094 7153
2 6 7183 4080 9815 12070 9765 3790
2 4 7183 7098 6954 931
1 3 7185 5239 2947
2 3 7222 10017 1083
2 3 7222 1146 11913
2 5 7222 12036 4079 9937 7126
2 7 7222 11994 1171 4173 10101 7191 11991
2 7 7239 9297 6270 9268 9322 3353 9250
2 4 7239 6221 11471 6489
2 3 7239 3369 9484
2 3 7239 3241 377
1 3 7260 7344 10201
2 2 7293 4273
2 2 7315 7386
2 4 7315 10157 4428 1408
1 6 7329 10227 1392 12271 4367 4424
1 6 7329 10227 1364 1376 10297 4412
1 7 7351 7323 1288 1388 4233 7439 10252
1 4 7351 10165 1415 12253
2 4 7361 7644 7304 1424
2 3 7386 10271 10183
1 4 7387 7371 12171 10212
1 5 7446 10346 1383 10776 4568
1 8 7446 10346 1383 10776 10413 7400 2061 1170
2 6 7458 7306 9910 1560 12456 12357
2 5 7458 1586 10516 10391 12361
2 5 7458 12418 11971 4807 1866
2 2 7459 4009
2 5 7459 7580 10462 7167 4619
1 5 7480 10520 10352 10380 10407
2 2 7480 7668
2 2 7540 7126
2 4 7552 7524 4464 7668
2 8 7584 12877 10896 12788 2078 5064 5020 8013
1 4 7584 7448 10476 4893
1 4 7584 12239 12722 10671
1 4 7584 4549 10742 4482
1 2 7617 7630
1 7 7622 10498 7451 10374 4476 7546 1550
1 7 7639 1573 12161 10470 4499 1576 1614
2 4 7653 3992 4038 7054
2 3 7653 10501 10057
2 4 7653 10114 1036 4619
2 7 7661 1536 4614 4477 1610 1467 12450
2 6 7661 1536 12434 10454 4825 1896
2 5 7671 12473 12029 1088 10087
2 4 7671 9823 9912 3890
2 4 7671 12473 806 11746
2 4 7671 3942 2013 901
1 7 7677 12578 7820 1854 1857 11712 4860
1 4 7677 12578 1832 12124
1 2 7711 7795
2 5 7763 12657 10678 7851 12660
1 3 7763 7832 12618
1 3 7791 10909 5090
1 6 7795 10547 1591 1840 1703 4682
1 2 7798 1759
1 6 7798 7811 4791 12932 12924 12910
1 4 7825 1790 7861 12536
1 4 7825 4734 1297 4803
1 5 7825 1790 7861 7655 10617
2 3 7844 1748 4726
2 3 7844 7691 12660
1 3 7858 4678 7891
1 2 7858 2407
1 5 7858 4678 1872 7869 3606
2 2 7892 1352
1 6 7892 12024 4814 12570 12642 1827
1 2 7921 10895
1 5 7921 4946 10871 10916 10830
1 4 7921 10853 7973 12835
1 3 7921 12873 12746
1 5 7934 10748 8004 12813 7995
1 3 7934 12758 5027
2 3 7936 10846 12798
2 5 7938 5055 12777 4299 1983
2 2 7938 4410
1 8 7940 10834 12890 2074 12864 10885 8086 4682
1 2 7959 2094
1 6 7963 11194 4889 8021 4938 5028
1 2 7963 4997
1 2 7963 8109
1 4 7963 9152 3181 7919
1 5 7963 11194 9137 6039 10831
2 2 7965 12789
1 3 7995 5024 10791
1 6 7996 2096 11145 5160 10860 5196
2 5 7996 7133 8223 12929 12989
2 7 7996 1953 10764 12719 3165 11108 12830
1 6 7996 10877 12800 12887 1914 12806
1 5 7996 2096 10859 13244 7912
1 5 7996 10877 12744 10851 2016
1 4 7996 10908 4033 8052
1 2 8006 7959
2 4 8007 10139 8106 10173
2 6 8007 10898 1971 7084 4110 4003
2 5 8007 10898 12792 12718 4984
1 4 8011 12146 4344 10190
1 6 8013 4949 1948 2017 8053 4893
1 3 8013 8066 1179
1 4 8046 1989 4022 7203
1 6 8046 4933 7958 7116 3991 4150
1 5 8046 4933 7958 7116 989
1 2 8047 8252
1 3 8058 5077 5034
1 2 8058 2012
1 4 8058 8015 12710 4948
2 5 8073 1923 12883 2033 7934
2 8 8073 1923 12883 2033 8092 2095 1033 12101
2 3 8087 5104 10259
1 5 8087 11950 5019 12781 10030
1 2 8105 12771
1 4 8105 10745 7989 2046
1 4 8105 10745 10902 12725
2 2 8113 7968
2 4 8113 4942 4892 5026
1 2 8117 10797
1 3 8117 10881 12863
1 6 8143 1524 10345 8227 5153 2228
1 6 8143 1524 10345 2164 8179 5107
2 3 8148 7589 4570
2 3 8148 7476 12923
2 5 8148 2185 12479 10360 10513
1 2 8183 2196
1 4 8193 2192 8207 5139
1 3 8193 10071 988
1 2 8193 10968
1 2 8205 2196
1 3 8214 12940 7605
1 4 8215 11021 2149 12306
1 4 8215 10992 8229 12984
1 6 8215 10964 2158 11022 12978 8216
1 3 8215 10992 650
1 4 8216 10965 10944 5229
1 5 8216 5143 2208 10986 2106
1 7 8216 12978 11022 2158 10964 2179 650
1 3 8236 12712 10730
1 4 8236 10889 12810 10732
1 5 8236 12712 10773 8089 1965
1 2 8245 10566
1 3 8245 8178 1494
1 3 8245 5177 2193
1 2 8248 12981
1 3 8248 8219 10968
1 4 8254 8185 8213 10970
1 2 8254 5216
1 6 8254 12965 5232 2147 11010 2142
2 9 9061 9181 11156 2998 157 3071 11175 6021 94
2 3 9097 6174 3151
2 6 9097 11186 3120 9120 9408 11202
2 5 9100 11162 3050 6150 3187
2 6 9126 3132 3034 192 3145 91
2 12 9151 205 130 9088 182 3113 11067 9220 9143 6083 9108 6165
2 4 9151 9035 3108 9154
2 4 9161 9075 6046 6104
2 11 9213 6193 3166 3079 6190 6112 6119 3135 6077 97 3190
2 5 9213 6193 6088 9101 183
2 4 9213 7330 108 99
2 7 9233 11079 11024 7 3185 3068 9061
2 7 9233 3115 3153 6045 9158 11181 3121
2 3 9250 9269 9332
2 4 9250 3353 9322 296
2 7 9263 11343 11372 9361 9334 6309 6390
1 7 9271 11256 3385 1350 12242 12270 12298
1 9 9292 12157 7401 10256 4215 4261 1406 1210 12298
1 10 9292 10213 12229 7429 10168 10140 12198 12227 4394 10253
2 3 9294 11276 321
2 7 9296 3049 137 3192 65 6145 122
2 5 9303 3396 303 3342 11293
2 3 9303 3396 6313
2 4 9340 10323 7482 310
2 5 9340 6222 3525 6322 3296
2 4 9347 6325 6349 374
2 3 9347 6257 6389
2 4 9347 6325 6298 9294
3 4 9367 6369 6317 413
2 2 9388 321
2 3 9405 9284 6313
2 6 9406 9329 6406 6331 383 6310
1 5 9434 9578 553 3509 3495
2 8 9434 6599 11535 539 527 9495 11465 11616
1 3 9434 9578 3534
1 5 9434 9578 3549 9523 11506
2 4 9450 12368 7611 12497
2 5 9450 6713 9653 7551 1595
2 3 9456 3499 6521
2 7 9456 3522 9238 9264 6298 6325 9347
2 4 9457 3414 6562 3569
2 9 9467 7366 4869 1782 12701 761 4753 10605 7185
2 4 9484 3369 6378 377
2 6 9503 549 3629 11502 9559 6583
2 6 9503 549 3629 11502 9559 5291
2 3 9503 549 11531
2 3 9503 6542 3530
2 3 9503 6529 678
1 3 9507 6547 3534
1 3 9507 9523 11506
1 7 9507 512 3493 6688 9644 3681 11628
3 2 9508 3482
3 5 9508 493 9439 9532 3460
2 6 9508 548 3230 3295 3324 389
2 3 9522 3488 6583
2 5 9522 3547 11470 9575 11531
2 4 9522 11562 6500 6496
2 3 9522 587 6570
2 3 9570 6512 9457
2 6 9570 552 6595 3572 11415 478
2 4 9588 6619 3596 11581
2 4 9588 9591 11574 11577
1 3 9616 4778 12124
1 8 9616 7845 10602 10672 12651 1815 10711 10640
2 3 9617 3636 818
2 2 9617 3663
2 5 9617 6658 9612 649 9783
2 4 9617 11603 6677 657
1 6 9633 11618 11615 656 11598 9598
1 3 9640 11608 9606
2 2 9660 684
2 5 9660 716 6716 699 730
2 2 9660 6703
2 4 9660 9690 11679 541
2 2 9692 541
1 5 9693 3806 718 715 6732
1 4 9693 3806 11665 4445
1 6 9693 11722 10381 11662 7345 4345
3 3 9716 6747 11655
2 4 9716 723 3707 11686
1 4 9737 6762 9710 743
1 3 9737 11565 6792
1 2 9764 6812
1 4 9772 11824 11874 902
1 3 9772 6891 3838
2 3 9783 11597 657
2 2 9784 11837
2 5 9784 6843 883 11803 955
2 6 9784 6843 883 6939 3966 3923
2 3 9817 6924 799
2 8 9817 889 9787 6996 11885 844 6986 3846
2 5 9817 11673 6734 9689 11710
2 8 9817 889 9787 6996 3969 9877 6902 931
1 2 9838 925
1 3 9847 6909 11830
2 3 9875 9914 13255
2 7 9875 3448 13234 841 3980 966 3844
2 3 9890 9874 3882
2 4 9890 6940 3939 3956
2 6 9890 9906 11887 11868 965 949
2 4 9890 6940 6913 9809
2 3 9894 11816 3924
2 4 9894 11845 9821 9809
2 5 9896 6906 6856 11884 1093
2 5 9896 6817 3873 6966 6812
1 4 9896 13222 3909 3954
1 4 9898 760 11709 752
2 3 9902 9919 9783
2 3 9902 922 9833
2 3 9907 910 11833
2 2 9907 6946
1 3 9907 11889 6985
2 3 9930 11774 11905
2 3 9932 9886 11853
2 4 9932 3714 11753 3653
2 5 9945 12087 4199 7215 12100
1 3 9945 10113 10013
1 3 9945 10113 1194
2 4 9958 1004 1603 6932
2 4 9958 1004 7508 7459
2 3 9958 10364 7540
2 7 9958 4114 7129 12069 10043 12015 4181
2 7 9958 4114 11933 1169 7092 4032 7109
2 5 9962 4171 10932 12911 8205
1 4 9962 1181 12847 1950
2 5 9962 4171 10932 2206 5196
2 3 9962 3854 12989
2 6 9962 4171 10932 2206 5224 8183
2 3 9965 12028 7197
2 4 9965 4094 7212 4197
2 3 9975 7207 4090
2 3 9991 997 10090
2 3 9998 7157 7087
1 3 10013 7100 10070
1 4 10013 4097 1111 989
2 5 10024 10109 4065 12038 747
1 2 10029 7202
2 3 10057 4156 13143
2 5 10057 4183 9942 11945 1120
2 8 10057 4183 9942 11945 1162 1202 7108 10062
2 6 10057 4156 1448 12350 7159 11918
2 3 10068 4137 11944
1 5 10070 7100 12042 1207 8046
1 2 10070 1194
2 3 10074 3857 1156
2 3 10077 1609 4616
2 3 10077 4245 1159
2 4 10077 4644 7593 4544
2 3 10077 4204 1444
2 2 10087 1108
2 3 10087 4550 4111
2 4 10090 997 7122 4147
2 4 10102 12045 7055 4181
2 3 10102 12093 11944
2 5 10106 10811 7530 12387 4512
2 3 10106 1938 901
2 6 10106 3916 5014 1822 12861 1896
2 7 10106 3916 6826 4943 9816 12773 5050
1 2 10110 11948
1 6 10110 4126 7175 7204 7221 7125
2 2 10126 4073
2 3 10135 12293 1413
1 10 10148 4686 12340 10506 4492 4595 1402 7335 7407 4333
1 4 10148 10366 4636 10353
1 3 10172 12804 7921
1 5 10172 12804 10738 7973 12835
1 3 10172 5052 12746
2 4 10173 4979 10905 2041
2 2 10173 12717
1 4 10236 10265 7323 7351
1 9 10239 4281 10268 4277 10220 10275 10452 12329 10353
1 4 10239 10211 7298 1418
1 4 10252 7325 4423 12253
2 4 10255 10001 11978 12462
1 5 10255 10001 11978 11924 10428
1 5 10262 12474 7541 10395 1614
1 8 10267 1330 10154 10283 12284 3651 1014 4147
1 6 10267 1330 12127 4336 1403 12125
1 7 10267 1330 12127 1417 12256 4654 1607
2 5 10278 12180 7310 12779 10756
2 5 10278 7436 4420 10808 8011
2 4 10279 7381 12249 1386
1 3 10279 1342 4361
1 7 10282 4335 2170 7424 5176 7355 12225
1 5 10282 12955 8221 2184 12110
1 4 10309 7426 1563 1592
2 6 10337 7628 12486 1528 1643 1453
2 8 10337 12410 4884 2042 6785 12369 10769 12835
1 6 10353 4578 7486 12471 1479 1614
1 2 10362 12336
1 5 10362 12496 10502 12453 10515
2 3 10370 1564 12361
1 3 10400 5106 10566
1 3 10400 2213 8214
1 10 10404 7168 7128 7210 10121 10080 12095 1047 7108 10062
1 5 10404 7168 7128 12378 11918
1 4 10407 1556 1584 7388
1 4 10407 12325 12498 10492
1 4 10419 11002 8196 10999
1 3 10428 4513 7497
1 4 10428 1538 1059 1444
1 5 10447 7594 1542 1529 10405
1 5 10447 7594 7581 5110 11007
1 7 10447 7594 7581 5110 12466 5156 8181
1 3 10447 4589 1598
1 3 10479 12472 7654
1 3 10492 12384 5090
1 3 10496 1507 1464
1 8 10496 7356 12332 1390 1520 4539 1374 1592
1 4 10496 10456 7103 4568
1 6 10503 12482 6811 810 3977 957
2 2 10513 5112
2 4 10513 10432 5172 10980
2 7 10513 10947 11008 11003 10994 2181 12951
2 4 10513 10947 7553 8181
2 3 10514 1581 4588
2 8 10514 13208 1497 10349 8010 4435 12892 4987
1 5 10515 1449 2172 5213 2106
1 3 10566 7900 1494
1 4 10566 1688 10525 8214
1 4 10582 9695 10556 9616
1 5 10582 7888 12633 12561 10640
2 4 10594 10930 5221 12950
2 7 10594 10930 5221 12986 12908 2180 5164
1 5 10594 191 4515 1516 12795
1 5 10594 1846 10988 12967 8205
2 4 10594 10930 5221 5199
1 2 10601 10148
1 5 10601 1459 10660 7706 12583
1 3 10616 4532 1884
1 4 10616 8095 7577 7521
1 3 10642 4975 3883
1 3 10646 1676 7804
1 6 10647 12629 1743 10638 4876 12485
1 5 10647 10578 10708 12665 7786
1 2 10671 7639
1 2 10674 1783
1 3 10674 7850 12601
1 9 10674 12656 7732 12524 4947 1698 12890 10834 7940
1 5 10674 10691 12737 4823 4751
1 4 10682 12435 4864 12406
1 6 10682 10455 1667 7755 12576 7798
1 6 10695 1855 7808 12671 4788 10674
1 7 10695 10563 4777 1689 1877 10627 10646
1 5 10695 10563 12520 10539 4751
2 4 10701 12623 1714 12518
1 3 10701 10641 10589
2 3 10726 4937 7965
2 7 10726 1999 12724 4407 8041 10741 5033
1 3 10730 10832 1965
1 5 10730 5066 8032 2051 12746
1 3 10732 7913 1965
2 3 10737 12831 12717
2 3 10737 10852 7584
1 4 10740 8097 2037 10830
1 3 10740 12791 3883
2 5 10747 7993 5000 4942 8113
2 2 10747 5026
2 3 10747 10790 7936
1 4 10750 12846 8018 4964
1 3 10750 12846 7940
2 8 10756 10296 4365 4321 7340 7297 4237 10255
1 4 10756 4414 8100 8011
2 2 10756 10259
1 4 10762 5070 5045 12794
1 2 10762 8006
1 2 10762 10803
1 2 10762 8122
1 2 10765 4908
1 6 10765 10848 2069 12833 13216 1892
1 3 10775 13246 7912
1 5 10775 13248 4995 2063 10928
1 5 10791 4932 8118 2059 2103
1 2 10791 12702
1 3 10797 5089 7953
1 2 10803 12742
1 2 10803 8122
1 2 10830 7935
1 5 10830 12850 10800 7973 12835
1 5 10830 2037 8097 12791 3883
1 2 10831 8034
1 3 10833 10777 8124
1 3 10836 12851 12794
1 3 10836 2001 12874
1 5 10836 8071 7983 5013 10803
1 4 10836 8096 12787 10862
1 4 10836 7950 7954 5101
1 6 10837 12818 12704 12748 8009 1888
1 2 10837 4580
2 4 10876 2004 12726 2089
2 5 10876 8001 12879 5058 4968
1 4 10895 8057 1945 7935
1 3 10895 12873 12746
1 3 10906 12828 4982
1 3 10906 4934 4980
2 2 10912 7968
2 5 10912 10823 10736 7915 5026
2 5 10912 10823 1981 12716 4982
2 5 10912 10823 10879 10849 5083
1 2 10919 12874
1 2 10919 2050
1 2 10919 12843
1 4 10924 2160 12979 5229
1 4 10924 2160 12902 2142
1 3 10929 2216 5199
1 4 10929 4851 10525 8214
1 2 10933 2227
1 2 10938 10924
1 3 10946 8197 10419
1 2 10946 8143
1 7 10946 8184 10926 5218 8129 5208 12987
1 7 10946 8184 10926 5218 10984 5153 2228
1 4 10957 7770 12940 8214
1 2 10957 4879
1 3 10957 7770 7605
1 2 10957 10978
1 5 10980 8190 12996 2153 10999
2 3 10993 8246 12956
2 2 10993 5128
2 7 11007 8238 8187 12440 1613 1654 12336
1 6 11007 8238 8187 10943 1449 10515
1 4 11007 12466 5156 8181
1 4 11007 8238 12964 2106
1 3 11007 1585 1598
2 4 11105 6108 9194 3083
2 5 11109 9212 11191 110 187
2 5 11164 11125 9147 6125 6165
2 6 11202 415 319 222 341 310
2 7 11241 9241 6220 9341 406 11391 3320
2 9 11241 9323 6249 6326 11259 6242 3310 6324 11202
2 7 11241 9323 6249 6326 3219 6459 310
2 4 11293 3342 9310 6313
2 3 11318 9335 6336
2 3 11331 11305 9294
2 2 11360 11318
2 3 11368 11214 384
2 4 11368 11337 11283 457
2 4 11370 216 386 331
2 8 11375 9389 6370 11134 9033 9159 6215 3190
2 9 11375 6327 9325 3224 6253 9373 11356 6338 372
2 10 11375 6327 3352 3285 3197 3334 6294 392 9338 6302
2 13 11375 6327 3352 3285 3197 3334 6294 392 3382 11273 6404 339 9271
4 5 11398 11413 442 6499 6522
4 5 11398 9412 13205 6464 9457
3 7 11398 9412 9567 6590 6576 11511 3569
2 5 11398 11554 11539 11522 541
2 4 11402 9375 3522 9456
2 6 11402 9375 6218 6298 6325 9347
4 5 11479 491 11427 11550 3743
4 5 11479 536 6580 11399 3559
4 4 11479 491 9454 572
3 8 11479 491 11427 3562 3407 3577 565 11686
2 7 11479 9468 6431 11536 11691 6586 6573
1 3 11483 3536 11548
2 4 11499 708 3705 11653
2 6 11499 3690 9655 6680 6678 9633
2 3 11505 9428 478
2 2 11505 6521
2 4 11505 3207 6282 6390
1 5 11506 11491 3506 3669 11628
3 11 11523 3578 3426 9460 6492 3465 9422 471 11296 11323 9367
2 7 11523 6539 3518 6506 6602 11484 520
3 12 11523 3578 578 6563 518 11485 579 6454 11501 9516 3489 6490
2 4 11531 563 3558 3530
2 6 11531 9575 3423 11494 529 6570
3 3 11542 6418 6592
2 2 11563 9434
1 5 11563 6569 6585 454 3402
2 2 11577 3617
2 3 11581 3592 3601
2 4 11581 3654 9596 3631
2 4 11581 9611 3670 6685
2 5 11581 624 9595 6647 11577
2 4 11583 11586 9599 3956
2 7 11583 6634 630 9756 9771 965 949
2 4 11583 11586 11580 11577
2 4 11583 11586 3614 3617
2 4 11583 6634 3649 9606
2 4 11584 628 6626 599
2 5 11584 9582 11734 9752 6790
2 3 11584 9582 6793
2 6 11584 628 3657 671 11618 9633
1 4 11600 9631 9867 503
1 2 11600 11616
1 6 11616 11465 9510 6548 3758 3552
1 2 11628 648
2 4 11639 676 11622 9640
2 6 11639 676 11622 662 11608 9606
2 7 11650 6717 11660 706 3894 3878 859
2 4 11650 6717 1436 9693
2 2 11653 9515
2 5 11653 692 11620 9636 9633
2 3 11655 11619 3663
2 5 11655 9701 6706 3076 687
2 5 11658 9713 6699 6694 6876
2 5 11658 9713 6699 3678 9671
2 2 11666 704
2 4 11666 9661 9648 653
2 5 11666 6739 3718 557 3569
2 5 11666 3700 6720 9676 6703
2 3 11666 6739 9692
2 5 11668 6741 9680 9677 6704
3 2 11670 6727
2 4 11686 9683 6743 6727
2 2 11710 758
2 2 11746 886
1 6 11751 9904 11846 923 9826 819
1 4 11751 9794 3910 9838
1 4 11751 9794 6926 925
2 6 11757 7517 12374 7986 10783 3834
2 5 11757 7517 1562 12461 1892
2 3 11760 11791 689
2 3 11760 11776 4601
1 5 11760 6855 827 9808 6850
1 2 11782 6882
2 6 11800 4442 6890 9825 659 11760
1 3 11800 3802 6850
2 3 11811 11829 9833
2 3 11818 3936 9930
1 4 11833 6875 6862 11751
1 6 11833 6875 9750 3885 6926 925
1 2 11834 911
1 5 11834 958 11713 762 3768
1 4 11834 11849 11877 9898
2 4 11837 9856 10027 12098
2 4 11844 804 9844 6938
2 4 11844 6925 11792 940
2 3 11848 9799 6864
1 2 11851 931
3 5 11853 652 7470 6935 864
2 5 11853 6991 789 7454 3653
2 4 11867 947 3851 11811
2 4 11867 6912 9887 6864
2 3 11894 975 9932
2 4 11894 11881 6995 3967
2 4 11899 6799 9591 9588
2 3 11899 953 9894
2 8 11913 1146 10008 7094 12036 4079 9937 7126
2 5 11913 4148 7181 4123 4082
2 5 11913 11982 1089 10076 12052
2 5 11913 996 7120 7191 11991
2 3 11941 7152 4189
1 3 11969 7180 1046
1 4 11979 1155 12049 4073
1 5 11991 1096 7146 1195 1055
2 3 12031 7072 9965
2 3 12031 7212 4197
2 2 12046 10876
2 4 12046 3795 1600 10106
2 4 12046 3795 12372 901
2 5 12046 2097 12855 829 5050
1 2 12051 7081
1 5 12052 10076 7120 7191 11991
2 6 12071 1064 7156 4910 10745 8105
2 5 12071 1064 11999 1206 12771
2 3 12076 7014 12052
2 7 12084 1006 10084 1138 4113 10012 4070
2 3 12084 7071 11986
2 4 12086 1612 9934 4009
2 3 12098 12066 9990
2 5 12098 10027 3968 851 955
1 2 12100 989
2 6 12101 4115 1015 11970 4088 4206
2 3 12101 11976 4017
1 4 12116 4427 12273 12217
1 3 12125 4566 7338
2 8 12149 7433 1284 12291 4362 634 12289 1424
1 7 12149 7433 1284 12221 10318 12459 7462
2 4 12149 7291 9601 4345
2 7 12189 7266 3963 12136 1343 9733 4404
2 8 12189 4805 7672 10722 7801 10655 4725 7763
2 10 12189 10466 11643 6686 12500 9798 3787 11750 6989 957
1 5 12217 10243 10300 7417 7389
1 4 12225 10266 1225 12110
1 7 12232 4401 7347 12176 1605 1400 4363
2 6 12244 6217 305 6297 3139 272
2 10 12244 4356 12203 6288 31 11193 11133 9145 6121 99
2 3 12275 7447 1238
2 3 12275 7391 10190
1 5 12279 4228 1311 1340 4373
2 2 12282 7446
2 5 12282 4501 1383 8023 7965
1 6 12282 1653 1625 10459 4628 4134
1 5 12282 1653 1114 12008 1073
1 3 12282 7606 1884
1 5 12298 4322 7438 7370 10253
1 4 12306 8192 8251 12984
2 8 12309 4605 11674 1610 4477 4614 1536 7661
1 4 12333 8099 7618 12465
1 6 12336 10347 1641 4604 4589 1598
2 3 12341 10861 3960
2 2 12341 10337
2 7 12341 5022 6798 12728 4955 10894 10740
1 8 12348 10363 10429 12478 3877 11836 9831 4642
1 5 12348 7648 4222 4873 10647
1 6 12348 10363 7578 1811 1502 12485
2 5 12361 10391 10333 10676 12586
1 3 12361 1523 4569
1 6 12364 10402 10390 8208 10985 12942
1 2 12364 10515
1 5 12419 1509 10668 2213 10400
1 3 12419 4822 4696
1 4 12419 1509 10668 8214
1 4 12419 10697 4584 1833
1 3 12419 10415 4528
1 4 12419 1509 5203 7605
2 4 12450 12320 6997 4755
2 7 12450 12320 3564 10472 10403 7454 3653
2 5 12458 1503 1559 7599 1453
1 5 12458 7543 10355 10410 4565
1 4 12462 10116 10060 10428
1 2 12465 1614
1 3 12485 1588 12618
1 9 12485 4876 7894 10567 4852 7697 4719 4677 7786
2 2 12489 12458
2 5 12489 10477 7586 12463 10370
1 5 12489 10477 7586 12346 4569
2 5 12497 10457 12365 7607 12361
1 4 12497 10457 12305 4569
1 5 12501 12670 8083 10657 7791
1 7 12501 12670 1987 7615 4540 4449 4569
1 6 12501 10824 10753 11717 8110 4565
1 4 12518 11607 12592 10540
1 7 12518 11607 12592 4455 13062 5264 13063
1 11 12527 12187 4802 7898 12393 10677 12502 4669 1684 1664 7768
2 6 12527 12187 11195 4314 12558 7712
1 5 12536 4866 10652 1297 4803
1 4 12536 7789 12174 10617
1 3 12566 1836 1752
1 3 12566 4839 1747
1 3 12583 1825 1675
1 8 12583 10603 12385 4595 1402 7335 7407 4333
1 3 12583 4773 7711
1 5 12586 1683 12516 7840 4749
1 7 12596 7971 1778 1781 7864 12541 1725
1 6 12596 12820 1838 7732 12656 10674
2 4 12596 7997 10834 7940
1 4 12596 7971 7727 4783
1 3 12601 10619 7795
1 4 12601 12526 1703 4682
1 3 12605 1859 10623
2 4 12620 4880 10719 6752
2 4 12620 10569 1683 12586
1 4 12620 7862 4772 1752
1 5 12620 1875 7745 4794 4723
1 3 12620 1875 1747
1 8 12660 7785 10681 10565 10643 1826 12641 1672
1 8 12660 12543 10541 12537 4809 7873 1847 12618
1 9 12660 7785 10681 10565 10643 10574 7725 4677 7786
1 3 12663 3481 4739
1 4 12663 12593 3721 12688
1 5 12663 12603 4759 7877 12566
1 2 12674 13271
1 6 12688 4218 12636 7782 10585 2947
1 3 12715 4965 2077
1 2 12731 10919
1 2 12731 12874
1 2 12731 2050
2 4 12735 7422 4756 7480
2 4 12735 10192 10824 12501
2 4 12735 11509 7583 10492
1 5 12736 8119 7964 12859 1892
1 2 12742 10862
1 6 12766 13250 12723 5017 2003 2046
1 3 12785 1951 10919
1 3 12785 13212 10836
1 3 12785 13212 12874
1 2 12785 12843
1 2 12785 10862
1 5 12789 5102 8041 10741 5033
1 5 12794 4927 12751 10829 2012
1 4 12794 8065 5013 10803
1 4 12794 8116 7954 5101
1 3 12795 9986 2024
1 8 12795 1516 1929 12907 4941 1181 12847 1950
2 4 12795 1968 12677 5199
2 3 12797 7397 5193
1 6 12797 4313 11448 7270 10490 10750
1 2 12798 8047
1 3 12798 10888 8149
1 6 12806 1914 12887 12800 13244 7912
1 7 12806 10743 10784 2088 12723 13250 12766
1 3 12806 10795 2016
1 5 12806 10743 10784 2088 2046
1 2 12823 10886
1 2 12823 8017
2 5 12830 6008 3109 2192 8193
2 4 12830 8078 11194 7963
1 4 12830 12824 10883 988
1 5 12830 11108 1974 1883 7919
1 5 12830 11108 5084 1960 8052
1 5 12853 12999 10874 2035 4980
1 6 12853 12999 2168 5151 12959 12987
1 2 12874 12843
1 3 12891 12834 4989
2 5 12923 12977 10945 2181 12951
1 3 12923 8140 12987
1 4 12930 5179 2160 10924
1 2 12933 5220
1 6 12933 2150 12947 5151 12959 12987
1 3 12935 5177 8245
2 2 12935 2193
1 4 12942 5152 12970 8215
1 5 12942 10975 5163 1449 10515
1 4 12942 11022 12978 8216
1 7 12942 10975 8255 5143 2208 10986 2106
2 4 12950 5155 2120 12935
2 4 12950 12908 2180 5164
2 3 12950 5155 10929
2 2 12950 5199
1 8 12951 8189 2111 2204 10956 2214 12999 12853
1 5 12951 8189 12916 2160 10924
1 4 12951 2181 5115 12987
1 2 12975 8193
1 3 12975 8207 5139
1 2 12975 2115
1 2 12975 10968
1 3 12981 7548 12795
1 4 12981 7548 9986 2024
2 5 12981 7548 8054 12677 5199
1 5 12981 2126 4735 12519 10957
1 7 12981 2126 4735 13217 1580 12963 8214
2 5 12985 8202 12391 2126 12981
1 4 12985 8202 8136 10957
1 3 12997 2162 5166
1 2 12997 12983
1 7 13011 11732 3533 6531 9658 6698 698
1 3 13011 11549 3402
1 5 13011 551 6949 11491 11506
1 5 13011 11732 9490 3669 11628
2 4 13068 516 6560 6446
2 5 13068 6598 9431 9498 3211
2 3 13068 11419 6496
1 2 13091 4848
2 6 13143 7097 10517 7101 7434 12086
2 5 13143 7097 9999 4631 4619
2 6 13143 12483 12310 12017 4480 10404
2 7 13143 7097 10517 7665 10335 7577 7521
2 4 13143 12350 7159 11918
2 10 13206 318 6359 6413 6340 406 9341 6220 9241 11241
2 4 13206 3393 9274 3320
1 3 13247 8062 10775
1 3 13247 13246 7912
2 6 13255 9914 11762 9849 6940 9890
2 5 13255 9914 11762 867 3882
2 8 13255 3884 11767 914 9805 9916 11786 863
2 3 13255 9780 9809
